[
	[[[2, 7, 12, 17, 22], [2, 3, 4], [4, 9, 14, 19, 24], [12, 13, 14]], 4, 'A'],
	[[[3, 8, 13, 18, 23], [3, 4, 5, 10, 15, 14, 13], [13, 14, 15, 20, 25, 24, 23]], 3, 'B'],
	[[[3, 2, 6, 11, 16, 22, 23]], 1, 'C'],
	[[[3, 8, 13, 18, 23], [3, 4, 10, 15, 20, 24, 23]], 2, 'D'],
	[[[3, 8, 13, 18, 23], [3, 4, 5], [13, 14], [23, 24, 25]], 4, 'E'],
	[[[3, 8, 13, 18, 23], [3, 4, 5], [13, 14]], 3, 'F'], 
	[[[4, 3, 2], [2, 7, 12, 17, 22], [22, 23, 24], [14, 19, 24], [13, 14, 15]], 5, 'G'],
	[[[2, 7, 12, 17, 22], [4, 9, 14, 19, 24], [12, 13, 14]], 3, 'H'],
	[[[2, 3, 4], [3, 8, 13, 18, 23], [22, 23, 24]], 3, 'I'],
	[[[2, 3, 4], [3, 8, 13, 18, 23, 22, 17]], 2, 'J'],
	[[[3, 8, 13, 18, 23], [5, 9, 13], [13, 19, 25]], 3, 'K'],
	[[[3, 8, 13, 18, 23], [23, 24, 25]], 2, 'L'],
	[[[1, 6, 11, 16, 21], [1, 7, 13], [5, 9, 13], [5, 10, 15, 20, 25]], 4, 'M'],
	[[[1, 6, 11, 16, 21], [1, 7, 13, 19, 25], [5, 10, 15, 20, 25]], 4, 'N'],
	[[[3, 2, 7, 12, 17, 22, 23, 24, 19, 14, 9, 4]], 1, 'O'],
	[[[3, 8, 13, 18, 23], [3, 4, 5, 10, 15, 14, 13]], 2, 'P'],
	[[[2, 7, 12, 17, 18, 19, 14, 9, 4, 3], [13, 19, 25]], 2, 'Q'],
	[[[3, 8, 13, 18, 23], [3, 4, 5, 10, 15, 14, 13], [13, 19, 25]], 3, 'R'],
	[[[4, 3, 2, 7, 12, 13, 14, 19, 24, 23, 22]], 1, 'S'],
	[[[2, 3, 4], [3, 8, 13, 18, 23]], 2, 'T'],
	[[[2, 7, 12, 17, 22], [22, 23, 24], [4, 9, 14, 19, 24]], 3, 'U'],
	[[[1, 7, 12, 17, 23], [5, 9, 14, 18, 23]], 2, 'V'],
	[[[1, 6, 11, 16, 21], [21, 17, 13], [13, 19, 25], [5, 10, 15, 20, 25]], 4, 'W'],
	[[[1, 7, 13, 19, 25], [5, 9, 13, 17, 21]], 2, 'X'],
	[[[4, 9, 14, 19, 24], [2, 7, 12], [12, 13, 14]], 3, 'Y'],
	[[[1, 2, 3, 4, 5], [5, 9, 13, 17, 21], [21, 22, 23, 24, 25]], 3, 'Z'],
	
	[[[3, 8, 13, 18, 23], [11, 12, 13, 14, 15]], 2, '+'],
	[[[23], [17, 18, 19], [11, 12, 13, 14, 15]], 3, '^'],
	[[[3, 2, 1, 6, 11, 16, 21, 22, 23, 24, 25, 20, 15, 10, 5, 4]], 1, '0']
]